Energy [GeV] Extra_e+     
1.000000e-02 5.362630e+00 
1.150000e-02 6.480644e+00 
1.322500e-02 6.785594e+00 
1.520875e-02 6.822401e+00 
1.749006e-02 6.732696e+00 
2.011357e-02 6.569345e+00 
2.313061e-02 6.358028e+00 
2.660020e-02 6.113752e+00 
3.059023e-02 5.846384e+00 
3.517876e-02 5.562872e+00 
4.045558e-02 5.268315e+00 
4.652391e-02 4.966566e+00 
5.350250e-02 4.661785e+00 
6.152788e-02 4.357971e+00 
7.075706e-02 4.056075e+00 
8.137062e-02 3.757531e+00 
9.357621e-02 3.463715e+00 
1.076126e-01 3.175929e+00 
1.237545e-01 2.895435e+00 
1.423177e-01 2.623490e+00 
1.636654e-01 2.361362e+00 
1.882152e-01 2.110336e+00 
2.164475e-01 1.871707e+00 
2.489146e-01 1.646747e+00 
2.862518e-01 1.436659e+00 
3.291895e-01 1.242510e+00 
3.785680e-01 1.065147e+00 
4.353531e-01 9.053395e-01 
5.006561e-01 7.631913e-01 
5.757545e-01 6.381180e-01 
6.621177e-01 5.293800e-01 
7.614354e-01 4.359283e-01 
8.756507e-01 3.564633e-01 
1.006998e+00 2.895367e-01 
1.158048e+00 2.336548e-01 
1.331755e+00 1.873612e-01 
1.531519e+00 1.492932e-01 
1.761246e+00 1.182100e-01 
2.025433e+00 9.300275e-02 
2.329248e+00 7.269373e-02 
2.678635e+00 5.643120e-02 
3.080431e+00 4.348286e-02 
3.542495e+00 3.322686e-02 
4.073870e+00 2.514006e-02 
4.684950e+00 1.878507e-02 
5.387693e+00 1.380371e-02 
6.195847e+00 1.003775e-02 
7.125224e+00 7.283989e-03 
8.194007e+00 5.276848e-03 
9.423108e+00 3.816778e-03 
1.083657e+01 2.756615e-03 
1.246206e+01 1.988124e-03 
1.433137e+01 1.431897e-03 
1.648108e+01 1.029844e-03 
1.895324e+01 7.395982e-04 
2.179622e+01 5.303352e-04 
2.506566e+01 3.796677e-04 
2.882550e+01 2.713517e-04 
3.314933e+01 1.936095e-04 
3.812173e+01 1.379092e-04 
4.383999e+01 9.807505e-05 
5.041599e+01 6.964024e-05 
5.797838e+01 4.937649e-05 
6.667514e+01 3.495483e-05 
7.667641e+01 2.470071e-05 
8.817787e+01 1.741568e-05 
1.014046e+02 1.224556e-05 
1.166152e+02 8.582559e-06 
1.341075e+02 5.993752e-06 
1.542237e+02 4.169919e-06 
1.773572e+02 2.889691e-06 
2.039608e+02 1.994503e-06 
2.345549e+02 1.370916e-06 
2.697381e+02 9.380296e-07 
3.101989e+02 6.384564e-07 
3.567287e+02 4.317995e-07 
4.102380e+02 2.898204e-07 
4.717737e+02 1.928307e-07 
5.425397e+02 1.270671e-07 
6.239207e+02 8.286896e-08 
7.175088e+02 5.345220e-08 
8.251351e+02 3.407415e-08 
9.489054e+02 2.144549e-08 
1.091241e+03 1.330703e-08 
1.254927e+03 8.124296e-09 
1.443166e+03 4.867533e-09 
1.659641e+03 2.853196e-09 
1.908588e+03 1.631120e-09 
2.194876e+03 9.066033e-10 
2.524107e+03 4.883446e-10 
2.902723e+03 2.540011e-10 
3.338132e+03 1.270163e-10 
3.838852e+03 6.074319e-11 
4.414679e+03 2.759930e-11 
5.076881e+03 1.181364e-11 
5.838413e+03 4.708124e-12 
6.714175e+03 1.715231e-12 
7.721302e+03 5.523841e-13 
8.879497e+03 1.459054e-13 
1.021142e+04 2.532519e-14 
