Energy [GeV] Sec_e+       Pri_e-       Sec_e-       Sec_p        Pri_p        NUC_1002     NUC_2003     NUC_1003     NUC_2004     NUC_3006     NUC_3007     NUC_3008     NUC_3009     NUC_4007     NUC_4009     NUC_5010     NUC_4010     NUC_5011     NUC_5012     NUC_5013     NUC_5014     NUC_6010     NUC_6011     NUC_6012     NUC_6013     NUC_6015     NUC_6016     NUC_7014     NUC_6014     NUC_7015     NUC_8016     NUC_8017     NUC_8018     
1.000000e-02 3.331452e+03 3.756214e+04 9.447903e+02 5.315902e+02 2.800238e+04 0.000000e+00 3.557734e-01 0.000000e+00 1.496110e+03 1.656487e-01 1.076701e-01 0.000000e+00 0.000000e+00 8.143754e-02 2.082583e-02 1.044643e-01 1.240383e-03 2.598447e-01 0.000000e+00 0.000000e+00 0.000000e+00 0.000000e+00 0.000000e+00 5.999379e+00 4.434216e-02 0.000000e+00 0.000000e+00 3.609362e-01 1.647068e-05 7.838304e-02 4.204700e+00 0.000000e+00 0.000000e+00 
1.250000e-02 3.371096e+03 3.324800e+04 9.496428e+02 6.528237e+02 3.136998e+04 0.000000e+00 4.124687e-01 0.000000e+00 1.607615e+03 2.048641e-01 1.336319e-01 0.000000e+00 0.000000e+00 1.001215e-01 2.563435e-02 1.278672e-01 1.538177e-03 3.189382e-01 0.000000e+00 0.000000e+00 0.000000e+00 0.000000e+00 0.000000e+00 6.322369e+00 5.348858e-02 0.000000e+00 0.000000e+00 3.860460e-01 1.963291e-05 9.432401e-02 4.410647e+00 0.000000e+00 0.000000e+00 
1.562500e-02 3.320410e+03 2.838553e+04 9.294068e+02 7.698322e+02 3.363259e+04 0.000000e+00 4.672296e-01 0.000000e+00 1.662690e+03 2.493981e-01 1.631256e-01 0.000000e+00 0.000000e+00 1.217879e-01 3.115008e-02 1.549577e-01 1.883814e-03 3.876509e-01 0.000000e+00 0.000000e+00 0.000000e+00 0.000000e+00 0.000000e+00 6.571502e+00 6.367069e-02 0.000000e+00 0.000000e+00 4.087963e-01 2.316654e-05 1.121351e-01 4.576166e+00 0.000000e+00 0.000000e+00 
1.953125e-02 3.247240e+03 2.398472e+04 9.038934e+02 8.994303e+02 3.572757e+04 0.000000e+00 5.286205e-01 0.000000e+00 1.699909e+03 3.041714e-01 1.997041e-01 0.000000e+00 0.000000e+00 1.482712e-01 3.791353e-02 1.880133e-01 2.312850e-03 4.721180e-01 0.000000e+00 0.000000e+00 0.000000e+00 0.000000e+00 0.000000e+00 6.800854e+00 7.545213e-02 0.000000e+00 0.000000e+00 4.319947e-01 2.726597e-05 1.326523e-01 4.727699e+00 0.000000e+00 0.000000e+00 
2.441406e-02 3.150559e+03 2.008090e+04 8.731958e+02 1.040654e+03 3.761343e+04 0.000000e+00 5.971464e-01 0.000000e+00 1.716211e+03 3.716200e-01 2.453707e-01 0.000000e+00 0.000000e+00 1.801193e-01 4.624166e-02 2.285164e-01 2.846259e-03 5.690378e-01 0.000000e+00 0.000000e+00 0.000000e+00 0.000000e+00 0.000000e+00 6.999121e+00 8.895480e-02 0.000000e+00 0.000000e+00 4.552475e-01 3.198614e-05 1.560189e-01 4.857951e+00 0.000000e+00 0.000000e+00 
3.051758e-02 3.025105e+03 1.664963e+04 8.367180e+02 1.189757e+03 3.917448e+04 0.000000e+00 6.726225e-01 0.000000e+00 1.708014e+03 4.447144e-01 3.029626e-01 0.000000e+00 0.000000e+00 2.197815e-01 5.653046e-02 2.769667e-01 3.508741e-03 6.789942e-01 0.000000e+00 0.000000e+00 0.000000e+00 0.000000e+00 0.000000e+00 7.143216e+00 1.040944e-01 0.000000e+00 0.000000e+00 4.774165e-01 3.732767e-05 1.820404e-01 4.953564e+00 0.000000e+00 0.000000e+00 
3.814697e-02 2.864131e+03 1.365664e+04 7.936394e+02 1.341503e+03 4.028859e+04 0.000000e+00 7.545918e-01 0.000000e+00 1.674257e+03 5.249207e-01 3.634101e-01 0.000000e+00 0.000000e+00 2.677627e-01 6.928335e-02 3.342490e-01 4.336709e-03 7.965505e-01 0.000000e+00 0.000000e+00 0.000000e+00 0.000000e+00 0.000000e+00 7.217393e+00 1.206614e-01 0.000000e+00 0.000000e+00 4.971374e-01 4.324457e-05 2.101903e-01 4.999465e+00 0.000000e+00 0.000000e+00 
4.768372e-02 2.661425e+03 1.106566e+04 7.423233e+02 1.490190e+03 4.084155e+04 0.000000e+00 8.411792e-01 0.000000e+00 1.614770e+03 6.066783e-01 4.274268e-01 0.000000e+00 0.000000e+00 3.156587e-01 8.294977e-02 3.990777e-01 5.388857e-03 9.126243e-01 0.000000e+00 0.000000e+00 0.000000e+00 0.000000e+00 0.000000e+00 7.201432e+00 1.382151e-01 0.000000e+00 0.000000e+00 5.130093e-01 4.958339e-05 2.395398e-01 4.980948e+00 0.000000e+00 0.000000e+00 
5.960464e-02 2.417466e+03 8.854506e+03 6.818010e+02 1.630189e+03 4.074913e+04 0.000000e+00 9.305818e-01 0.000000e+00 1.534212e+03 6.880540e-01 4.927901e-01 0.000000e+00 0.000000e+00 3.502660e-01 9.761058e-02 4.569007e-01 6.716526e-03 1.006587e+00 0.000000e+00 0.000000e+00 0.000000e+00 0.000000e+00 0.000000e+00 7.067483e+00 1.558001e-01 0.000000e+00 0.000000e+00 5.229702e-01 5.613366e-05 2.684582e-01 4.884293e+00 0.000000e+00 0.000000e+00 
7.450581e-02 2.134139e+03 6.986602e+03 6.113310e+02 1.757555e+03 3.993161e+04 0.000000e+00 1.015651e+00 0.000000e+00 1.426377e+03 7.637638e-01 5.541244e-01 0.000000e+00 0.000000e+00 3.700596e-01 1.124538e-01 4.591713e-01 8.267024e-03 1.059977e+00 0.000000e+00 0.000000e+00 0.000000e+00 0.000000e+00 0.000000e+00 6.798863e+00 1.718686e-01 0.000000e+00 0.000000e+00 5.241337e-01 6.249117e-05 2.942200e-01 4.693601e+00 0.000000e+00 0.000000e+00 
9.313226e-02 1.817441e+03 5.424354e+03 5.317279e+02 1.864156e+03 3.835760e+04 0.000000e+00 1.088072e+00 0.000000e+00 1.291691e+03 8.241483e-01 6.047734e-01 0.000000e+00 0.000000e+00 3.796189e-01 1.263194e-01 4.639943e-01 9.923879e-03 1.075818e+00 0.000000e+00 0.000000e+00 0.000000e+00 0.000000e+00 0.000000e+00 6.392033e+00 1.846500e-01 0.000000e+00 0.000000e+00 5.143527e-01 6.809211e-05 3.136818e-01 4.402736e+00 0.000000e+00 0.000000e+00 
1.164153e-01 1.480871e+03 4.135643e+03 4.458550e+02 1.939864e+03 3.605117e+04 0.000000e+00 1.138085e+00 0.000000e+00 1.137622e+03 8.589025e-01 6.354563e-01 0.000000e+00 0.000000e+00 3.806049e-01 1.369822e-01 4.696526e-01 1.145196e-02 1.059545e+00 0.000000e+00 0.000000e+00 0.000000e+00 0.000000e+00 0.000000e+00 5.848782e+00 1.923424e-01 0.000000e+00 0.000000e+00 4.928569e-01 7.238743e-05 3.239635e-01 4.019681e+00 0.000000e+00 0.000000e+00 
1.455192e-01 1.145759e+03 3.090288e+03 3.581768e+02 1.976016e+03 3.307868e+04 0.000000e+00 1.155277e+00 0.000000e+00 9.724120e+02 8.656999e-01 6.437528e-01 0.000000e+00 0.000000e+00 3.746387e-01 1.432050e-01 4.676087e-01 1.262488e-02 1.012689e+00 0.000000e+00 0.000000e+00 0.000000e+00 0.000000e+00 0.000000e+00 5.195677e+00 1.934096e-01 0.000000e+00 0.000000e+00 4.596203e-01 7.488624e-05 3.228262e-01 3.565229e+00 0.000000e+00 0.000000e+00 
1.818989e-01 8.380969e+02 2.259159e+03 2.743115e+02 1.966067e+03 2.954270e+04 0.000000e+00 1.130340e+00 0.000000e+00 8.029700e+02 8.398031e-01 6.248958e-01 0.000000e+00 0.000000e+00 3.599795e-01 1.435400e-01 4.518764e-01 1.321541e-02 9.354848e-01 0.000000e+00 0.000000e+00 0.000000e+00 0.000000e+00 0.000000e+00 4.471555e+00 1.870466e-01 0.000000e+00 0.000000e+00 4.160595e-01 7.514945e-05 3.091485e-01 3.065428e+00 0.000000e+00 0.000000e+00 
2.273737e-01 5.796810e+02 1.613593e+03 1.997329e+02 1.905472e+03 2.559400e+04 0.000000e+00 1.055265e+00 0.000000e+00 6.390215e+02 7.815811e-01 5.787014e-01 0.000000e+00 0.000000e+00 3.353705e-01 1.370819e-01 4.196100e-01 1.309447e-02 8.306334e-01 0.000000e+00 0.000000e+00 0.000000e+00 0.000000e+00 0.000000e+00 3.718053e+00 1.726874e-01 0.000000e+00 0.000000e+00 3.630748e-01 7.275199e-05 2.825402e-01 2.546392e+00 0.000000e+00 0.000000e+00 
2.842171e-01 3.812363e+02 1.125215e+03 1.380205e+02 1.792472e+03 2.140744e+04 0.000000e+00 9.313862e-01 0.000000e+00 4.869884e+02 6.916461e-01 5.075011e-01 0.000000e+00 0.000000e+00 2.998642e-01 1.239188e-01 3.706905e-01 1.223757e-02 7.032269e-01 0.000000e+00 0.000000e+00 0.000000e+00 0.000000e+00 0.000000e+00 2.975032e+00 1.512653e-01 0.000000e+00 0.000000e+00 3.040109e-01 6.772446e-05 2.452367e-01 2.039790e+00 0.000000e+00 0.000000e+00 
3.552714e-01 2.399839e+02 7.662140e+02 9.032973e+01 1.624867e+03 1.717800e+04 0.000000e+00 7.750840e-01 0.000000e+00 3.542721e+02 5.758665e-01 4.176186e-01 0.000000e+00 0.000000e+00 2.543389e-01 1.052770e-01 3.092439e-01 1.077934e-02 5.646315e-01 0.000000e+00 0.000000e+00 0.000000e+00 0.000000e+00 0.000000e+00 2.286785e+00 1.248419e-01 0.000000e+00 0.000000e+00 2.426321e-01 6.030680e-05 2.009809e-01 1.572458e+00 0.000000e+00 0.000000e+00 
4.440892e-01 1.449923e+02 5.103265e+02 5.596013e+01 1.401463e+03 1.314604e+04 0.000000e+00 6.118041e-01 0.000000e+00 2.467810e+02 4.475059e-01 3.198877e-01 0.000000e+00 0.000000e+00 2.025241e-01 8.347396e-02 2.418991e-01 8.948267e-03 4.278022e-01 0.000000e+00 0.000000e+00 0.000000e+00 0.000000e+00 0.000000e+00 1.687554e+00 9.675458e-02 0.000000e+00 0.000000e+00 1.842063e-01 5.129974e-05 1.552453e-01 1.167385e+00 0.000000e+00 0.000000e+00 
5.551115e-01 8.390831e+01 3.332855e+02 3.288258e+01 1.135063e+03 9.593459e+03 0.000000e+00 4.590219e-01 0.000000e+00 1.654974e+02 3.246388e-01 2.278343e-01 0.000000e+00 0.000000e+00 1.510869e-01 6.161300e-02 1.762423e-01 6.975503e-03 3.037106e-01 0.000000e+00 0.000000e+00 0.000000e+00 0.000000e+00 0.000000e+00 1.193876e+00 7.049257e-02 0.000000e+00 0.000000e+00 1.336235e-01 4.173056e-05 1.135725e-01 8.393839e-01 0.000000e+00 0.000000e+00 
6.938894e-01 4.637854e+01 2.138950e+02 1.839162e+01 8.577477e+02 6.702788e+03 0.000000e+00 3.261907e-01 0.000000e+00 1.077517e+02 2.198826e-01 1.512043e-01 0.000000e+00 0.000000e+00 1.056599e-01 4.273658e-02 1.208336e-01 5.178015e-03 2.045155e-01 0.000000e+00 0.000000e+00 0.000000e+00 0.000000e+00 0.000000e+00 8.187234e-01 4.859977e-02 0.000000e+00 0.000000e+00 9.298027e-02 3.246987e-05 7.882694e-02 5.851823e-01 0.000000e+00 0.000000e+00 
8.673617e-01 2.450401e+01 1.352454e+02 9.844767e+00 6.053653e+02 4.518725e+03 0.000000e+00 2.248823e-01 0.000000e+00 6.935150e+01 1.438316e-01 9.669478e-02 0.000000e+00 0.000000e+00 7.099302e-02 2.848145e-02 7.959821e-02 3.789054e-03 1.336227e-01 0.000000e+00 0.000000e+00 0.000000e+00 0.000000e+00 0.000000e+00 5.512851e-01 3.225971e-02 0.000000e+00 0.000000e+00 6.272922e-02 2.466506e-05 5.273567e-02 3.991873e-01 0.000000e+00 0.000000e+00 
1.084202e+00 1.242780e+01 8.442797e+01 5.078257e+00 4.017132e+02 2.966446e+03 0.000000e+00 1.522272e-01 0.000000e+00 4.444386e+01 9.209472e-02 6.078714e-02 0.000000e+00 0.000000e+00 4.655569e-02 1.871575e-02 5.136624e-02 2.754168e-03 8.584382e-02 0.000000e+00 0.000000e+00 0.000000e+00 0.000000e+00 0.000000e+00 3.669878e-01 2.082901e-02 0.000000e+00 0.000000e+00 4.137263e-02 1.841091e-05 3.440581e-02 2.682610e-01 0.000000e+00 0.000000e+00 
1.355253e+00 6.089472e+00 5.209833e+01 2.544324e+00 2.531550e+02 1.913816e+03 0.000000e+00 9.920996e-02 0.000000e+00 2.823711e+01 5.763234e-02 3.767486e-02 0.000000e+00 0.000000e+00 2.969526e-02 1.203781e-02 3.243871e-02 1.976399e-03 5.428946e-02 0.000000e+00 0.000000e+00 0.000000e+00 0.000000e+00 0.000000e+00 2.420899e-01 1.320826e-02 0.000000e+00 0.000000e+00 2.690371e-02 1.352302e-05 2.200130e-02 1.775148e-01 0.000000e+00 0.000000e+00 
1.694066e+00 2.904205e+00 3.178888e+01 1.247762e+00 1.533021e+02 1.223983e+03 0.000000e+00 6.122402e-02 0.000000e+00 1.782182e+01 3.574314e-02 2.333933e-02 0.000000e+00 0.000000e+00 1.852375e-02 7.594785e-03 2.011287e-02 1.401898e-03 3.384486e-02 0.000000e+00 0.000000e+00 0.000000e+00 0.000000e+00 0.000000e+00 1.579159e-01 8.260701e-03 0.000000e+00 0.000000e+00 1.726743e-02 9.847886e-06 1.388829e-02 1.162712e-01 0.000000e+00 0.000000e+00 
2.117582e+00 1.358092e+00 1.917084e+01 6.027878e-01 9.026188e+01 7.800479e+02 0.000000e+00 3.728596e-02 0.000000e+00 1.117612e+01 2.216535e-02 1.442502e-02 0.000000e+00 0.000000e+00 1.138343e-02 4.737211e-03 1.231513e-02 9.866803e-04 2.090756e-02 0.000000e+00 0.000000e+00 0.000000e+00 0.000000e+00 0.000000e+00 1.019904e-01 5.127291e-03 0.000000e+00 0.000000e+00 1.098499e-02 7.143605e-06 8.713524e-03 7.564480e-02 0.000000e+00 0.000000e+00 
2.646978e+00 6.267116e-01 1.141296e+01 2.881985e-01 5.213856e+01 4.960122e+02 0.000000e+00 2.267513e-02 0.000000e+00 6.959853e+00 1.365964e-02 8.844777e-03 0.000000e+00 0.000000e+00 6.902342e-03 2.922443e-03 7.455708e-03 6.875250e-04 1.281945e-02 0.000000e+00 0.000000e+00 0.000000e+00 0.000000e+00 0.000000e+00 6.531535e-02 3.163846e-03 0.000000e+00 0.000000e+00 6.943872e-03 5.144779e-06 5.438600e-03 4.890068e-02 0.000000e+00 0.000000e+00 
3.308722e+00 2.868512e-01 6.692425e+00 1.368125e-01 2.967627e+01 3.141631e+02 0.000000e+00 1.368265e-02 0.000000e+00 4.289191e+00 8.286085e-03 5.331764e-03 0.000000e+00 0.000000e+00 4.113394e-03 1.767673e-03 4.420856e-03 4.684790e-04 7.723324e-03 0.000000e+00 0.000000e+00 0.000000e+00 0.000000e+00 0.000000e+00 4.119318e-02 1.915680e-03 0.000000e+00 0.000000e+00 4.319754e-03 3.639782e-06 3.334332e-03 3.118069e-02 0.000000e+00 0.000000e+00 
4.135903e+00 1.307329e-01 3.850078e+00 6.462975e-02 1.663545e+01 1.977532e+02 0.000000e+00 8.175313e-03 0.000000e+00 2.613737e+00 4.928713e-03 3.150829e-03 0.000000e+00 0.000000e+00 2.397002e-03 1.033855e-03 2.558802e-03 3.074637e-04 4.554169e-03 0.000000e+00 0.000000e+00 0.000000e+00 0.000000e+00 0.000000e+00 2.553217e-02 1.134982e-03 0.000000e+00 0.000000e+00 2.640037e-03 2.526633e-06 2.003652e-03 1.958205e-02 0.000000e+00 0.000000e+00 
5.169879e+00 5.950043e-02 2.156875e+00 3.042688e-02 9.143027e+00 1.233652e+02 0.000000e+00 4.812001e-03 0.000000e+00 1.573285e+00 2.875431e-03 1.827292e-03 0.000000e+00 0.000000e+00 1.379297e-03 5.981171e-04 1.457818e-03 1.982604e-04 2.645335e-03 0.000000e+00 0.000000e+00 0.000000e+00 0.000000e+00 0.000000e+00 1.561248e-02 6.670961e-04 0.000000e+00 0.000000e+00 1.596061e-03 1.745720e-06 1.192842e-03 1.213038e-02 0.000000e+00 0.000000e+00 
6.462349e+00 2.710163e-02 1.158043e+00 1.429212e-02 4.887321e+00 7.499639e+01 0.000000e+00 2.702126e-03 0.000000e+00 9.331516e-01 1.632787e-03 1.032813e-03 0.000000e+00 0.000000e+00 7.777882e-04 3.368815e-04 8.107101e-04 1.236275e-04 1.502250e-03 0.000000e+00 0.000000e+00 0.000000e+00 0.000000e+00 0.000000e+00 9.375256e-03 3.842144e-04 0.000000e+00 0.000000e+00 9.490084e-04 1.180115e-06 6.950584e-04 7.379787e-03 0.000000e+00 0.000000e+00 
8.077936e+00 1.237326e-02 5.683813e-01 6.705818e-03 2.528997e+00 4.290208e+01 0.000000e+00 1.476853e-03 0.000000e+00 5.420109e-01 9.012783e-04 5.684682e-04 0.000000e+00 0.000000e+00 4.281936e-04 1.851454e-04 4.409595e-04 7.455684e-05 8.353153e-04 0.000000e+00 0.000000e+00 0.000000e+00 0.000000e+00 0.000000e+00 5.519377e-03 2.157411e-04 0.000000e+00 0.000000e+00 5.512508e-04 7.774579e-07 3.947841e-04 4.393519e-03 0.000000e+00 0.000000e+00 
1.009742e+01 5.668567e-03 2.665398e-01 3.146911e-03 1.286629e+00 2.408120e+01 0.000000e+00 7.943304e-04 0.000000e+00 3.110153e-01 4.883689e-04 3.073788e-04 0.000000e+00 0.000000e+00 2.319962e-04 1.000984e-04 2.364906e-04 4.382004e-05 4.580480e-04 0.000000e+00 0.000000e+00 0.000000e+00 0.000000e+00 0.000000e+00 3.212707e-03 1.190907e-04 0.000000e+00 0.000000e+00 3.156257e-04 5.035365e-07 2.204588e-04 2.583058e-03 0.000000e+00 0.000000e+00 
1.262177e+01 2.608174e-03 1.246517e-01 1.479054e-03 6.480590e-01 1.338002e+01 0.000000e+00 4.212658e-04 0.000000e+00 1.767477e-01 2.608032e-04 1.637796e-04 0.000000e+00 0.000000e+00 1.240564e-04 5.329975e-05 1.250284e-04 2.508454e-05 2.473515e-04 0.000000e+00 0.000000e+00 0.000000e+00 0.000000e+00 0.000000e+00 1.847852e-03 6.467731e-05 0.000000e+00 0.000000e+00 1.784070e-04 3.209233e-07 1.211752e-04 1.501154e-03 0.000000e+00 0.000000e+00 
1.577722e+01 1.206102e-03 5.817966e-02 6.970997e-04 3.240739e-01 7.377633e+00 0.000000e+00 2.210868e-04 0.000000e+00 9.961501e-02 1.376179e-04 8.620703e-05 0.000000e+00 0.000000e+00 6.559014e-05 2.803849e-05 6.541554e-05 1.403811e-05 1.320047e-04 0.000000e+00 0.000000e+00 0.000000e+00 0.000000e+00 0.000000e+00 1.053178e-03 3.469848e-05 0.000000e+00 0.000000e+00 9.987233e-05 2.018452e-07 6.579299e-05 8.643665e-04 0.000000e+00 0.000000e+00 
1.972152e+01 5.608933e-04 2.709627e-02 3.298166e-04 1.611506e-01 4.041991e+00 0.000000e+00 1.150090e-04 0.000000e+00 5.574042e-02 7.185332e-05 4.492401e-05 0.000000e+00 0.000000e+00 3.433420e-05 1.459348e-05 3.392318e-05 7.696727e-06 6.973282e-05 0.000000e+00 0.000000e+00 0.000000e+00 0.000000e+00 0.000000e+00 5.955029e-04 1.841550e-05 0.000000e+00 0.000000e+00 5.544420e-05 1.254395e-07 3.533478e-05 4.936561e-04 0.000000e+00 0.000000e+00 
2.465190e+01 2.624270e-04 1.258880e-02 1.567409e-04 7.979523e-02 2.202048e+00 0.000000e+00 5.927647e-05 0.000000e+00 3.095167e-02 3.709074e-05 2.313869e-05 0.000000e+00 0.000000e+00 1.777625e-05 7.517142e-06 1.744394e-05 4.139240e-06 3.645893e-05 0.000000e+00 0.000000e+00 0.000000e+00 0.000000e+00 0.000000e+00 3.342553e-04 9.665619e-06 0.000000e+00 0.000000e+00 3.052806e-05 7.702273e-08 1.875878e-05 2.796404e-04 0.000000e+00 0.000000e+00 
3.081488e+01 1.235406e-04 5.831928e-03 7.481523e-05 3.935597e-02 1.194122e+00 0.000000e+00 3.034777e-05 0.000000e+00 1.709244e-02 1.899094e-05 1.182617e-05 0.000000e+00 0.000000e+00 9.128494e-06 3.840193e-06 8.912301e-06 2.190892e-06 1.890474e-05 0.000000e+00 0.000000e+00 0.000000e+00 0.000000e+00 0.000000e+00 1.864778e-04 5.028497e-06 0.000000e+00 0.000000e+00 1.670362e-05 4.682794e-08 9.868055e-06 1.573799e-04 0.000000e+00 0.000000e+00 
3.851860e+01 5.849789e-05 2.692490e-03 3.584298e-05 1.934352e-02 6.450515e-01 0.000000e+00 1.545142e-05 0.000000e+00 9.395930e-03 9.658303e-06 6.001519e-06 0.000000e+00 0.000000e+00 4.655035e-06 1.947835e-06 4.527249e-06 1.143755e-06 9.729547e-06 0.000000e+00 0.000000e+00 0.000000e+00 0.000000e+00 0.000000e+00 1.034899e-04 2.596018e-06 0.000000e+00 0.000000e+00 9.091720e-06 2.822326e-08 5.149446e-06 8.807364e-05 0.000000e+00 0.000000e+00 
4.814825e+01 2.784126e-05 1.238001e-03 1.721823e-05 9.478910e-03 3.473310e-01 0.000000e+00 7.830677e-06 0.000000e+00 5.145101e-03 4.880999e-06 3.026637e-06 0.000000e+00 0.000000e+00 2.359398e-06 9.819591e-07 2.288165e-06 5.902859e-07 4.974461e-06 0.000000e+00 0.000000e+00 0.000000e+00 0.000000e+00 0.000000e+00 5.717377e-05 1.331115e-06 0.000000e+00 0.000000e+00 4.926848e-06 1.687933e-08 2.667778e-06 4.904407e-05 0.000000e+00 0.000000e+00 
6.018531e+01 1.330580e-05 5.664687e-04 8.284626e-06 4.633759e-03 1.865216e-01 0.000000e+00 3.952477e-06 0.000000e+00 2.807991e-03 2.453375e-06 1.517383e-06 0.000000e+00 0.000000e+00 1.188641e-06 4.919733e-07 1.150181e-06 3.014187e-07 2.526465e-06 0.000000e+00 0.000000e+00 0.000000e+00 0.000000e+00 0.000000e+00 3.144153e-05 6.778522e-07 0.000000e+00 0.000000e+00 2.658438e-06 1.002289e-08 1.372485e-06 2.718668e-05 0.000000e+00 0.000000e+00 
7.523164e+01 6.379175e-06 2.577069e-04 3.988820e-06 2.261187e-03 9.994303e-02 0.000000e+00 1.988653e-06 0.000000e+00 1.528226e-03 1.227155e-06 7.574288e-07 0.000000e+00 0.000000e+00 5.959010e-07 2.452905e-07 5.758187e-07 1.526248e-07 1.275972e-06 0.000000e+00 0.000000e+00 0.000000e+00 0.000000e+00 0.000000e+00 1.722855e-05 3.432580e-07 0.000000e+00 0.000000e+00 1.429838e-06 5.914694e-09 7.018813e-07 1.501169e-05 0.000000e+00 0.000000e+00 
9.403955e+01 3.065289e-06 1.164406e-04 1.920418e-06 1.102472e-03 5.345395e-02 0.000000e+00 9.980934e-07 0.000000e+00 8.297799e-04 6.116127e-07 3.765024e-07 0.000000e+00 0.000000e+00 2.975010e-07 1.218103e-07 2.871465e-07 7.676004e-08 6.413390e-07 0.000000e+00 0.000000e+00 0.000000e+00 0.000000e+00 0.000000e+00 9.412076e-06 1.729856e-07 0.000000e+00 0.000000e+00 7.670853e-07 3.470741e-09 3.570375e-07 8.260670e-06 0.000000e+00 0.000000e+00 
1.175494e+02 1.475118e-06 5.218521e-05 9.240826e-07 5.377894e-04 2.854270e-02 0.000000e+00 4.996481e-07 0.000000e+00 4.492322e-04 3.035994e-07 1.864928e-07 0.000000e+00 0.000000e+00 1.479718e-07 6.029456e-08 1.427849e-07 3.840150e-08 3.212061e-07 0.000000e+00 0.000000e+00 0.000000e+00 0.000000e+00 0.000000e+00 5.129755e-06 8.678811e-08 0.000000e+00 0.000000e+00 4.105544e-07 2.025213e-09 1.807219e-07 4.531778e-06 0.000000e+00 0.000000e+00 
1.469368e+02 7.104270e-07 2.316216e-05 4.442350e-07 2.624620e-04 1.522090e-02 0.000000e+00 2.496972e-07 0.000000e+00 2.427018e-04 1.502384e-07 9.209792e-08 0.000000e+00 0.000000e+00 7.336106e-08 2.975648e-08 7.080425e-08 1.912418e-08 1.603070e-07 0.000000e+00 0.000000e+00 0.000000e+00 0.000000e+00 0.000000e+00 2.789724e-06 4.337219e-08 0.000000e+00 0.000000e+00 2.193383e-07 1.174698e-09 9.107318e-08 2.479374e-06 0.000000e+00 0.000000e+00 
1.836710e+02 3.421738e-07 1.016265e-05 2.132712e-07 1.282226e-04 8.108282e-03 0.000000e+00 1.246668e-07 0.000000e+00 1.309337e-04 7.415741e-08 4.536804e-08 0.000000e+00 0.000000e+00 3.627360e-08 1.464901e-08 3.502102e-08 9.486919e-09 7.974986e-08 0.000000e+00 0.000000e+00 0.000000e+00 0.000000e+00 0.000000e+00 1.514179e-06 2.160232e-08 0.000000e+00 0.000000e+00 1.170305e-07 6.766336e-10 4.571831e-08 1.353276e-06 0.000000e+00 0.000000e+00 
2.295887e+02 1.647130e-07 4.398524e-06 1.022134e-07 6.280192e-05 4.315548e-03 0.000000e+00 6.406126e-08 0.000000e+00 7.267077e-05 3.761216e-08 2.296641e-08 0.000000e+00 0.000000e+00 1.842524e-08 7.411326e-09 1.779822e-08 4.831149e-09 4.074312e-08 0.000000e+00 0.000000e+00 0.000000e+00 0.000000e+00 0.000000e+00 8.451041e-07 1.104759e-08 0.000000e+00 0.000000e+00 6.425425e-08 3.979081e-10 2.355359e-08 7.592359e-07 0.000000e+00 0.000000e+00 
2.869859e+02 7.919911e-08 1.873208e-06 4.888749e-08 3.091825e-05 2.295229e-03 0.000000e+00 3.347360e-08 0.000000e+00 4.097873e-05 1.936557e-08 1.180512e-08 0.000000e+00 0.000000e+00 9.498828e-09 3.806953e-09 9.181426e-09 2.496026e-09 2.111949e-08 0.000000e+00 0.000000e+00 0.000000e+00 0.000000e+00 0.000000e+00 4.789899e-07 5.731427e-09 0.000000e+00 0.000000e+00 3.585360e-08 2.353260e-10 1.230343e-08 4.323935e-07 0.000000e+00 0.000000e+00 
3.587324e+02 3.802047e-08 7.825574e-07 2.332807e-08 1.536816e-05 1.232088e-03 0.000000e+00 1.749408e-08 0.000000e+00 2.308889e-05 9.957264e-09 6.058787e-09 0.000000e+00 0.000000e+00 4.889130e-09 1.952807e-09 4.729242e-09 1.286477e-09 1.092495e-08 0.000000e+00 0.000000e+00 0.000000e+00 0.000000e+00 0.000000e+00 2.711408e-07 2.966971e-09 0.000000e+00 0.000000e+00 1.999777e-08 1.372821e-10 6.409881e-09 2.458501e-07 0.000000e+00 0.000000e+00 
4.484155e+02 1.821498e-08 3.194902e-07 1.110272e-08 7.710282e-06 6.751727e-04 0.000000e+00 9.145449e-09 0.000000e+00 1.299905e-05 5.111287e-09 3.104519e-09 0.000000e+00 0.000000e+00 2.512566e-09 1.000078e-09 2.431742e-09 6.616970e-10 5.639278e-09 0.000000e+00 0.000000e+00 0.000000e+00 0.000000e+00 0.000000e+00 1.533017e-07 1.532416e-09 0.000000e+00 0.000000e+00 1.115038e-08 7.882130e-11 3.330421e-09 1.395696e-07 0.000000e+00 0.000000e+00 
5.605194e+02 8.704399e-09 1.268794e-07 5.268567e-09 3.867183e-06 3.698882e-04 0.000000e+00 4.785532e-09 0.000000e+00 7.314627e-06 2.621184e-09 1.589310e-09 0.000000e+00 0.000000e+00 1.289821e-09 5.116434e-10 1.248876e-09 3.398202e-10 2.906395e-09 0.000000e+00 0.000000e+00 0.000000e+00 0.000000e+00 0.000000e+00 8.660707e-08 7.902996e-10 0.000000e+00 0.000000e+00 6.219041e-09 4.451197e-11 1.727011e-09 7.914486e-08 0.000000e+00 0.000000e+00 
7.006492e+02 4.146418e-09 4.873659e-08 2.491399e-09 1.939610e-06 2.025729e-04 0.000000e+00 2.507183e-09 0.000000e+00 4.114171e-06 1.343090e-09 8.130173e-10 0.000000e+00 0.000000e+00 6.615581e-10 2.615412e-10 6.409463e-10 1.743235e-10 1.495904e-09 0.000000e+00 0.000000e+00 0.000000e+00 0.000000e+00 0.000000e+00 4.889490e-08 4.070579e-10 0.000000e+00 0.000000e+00 3.470003e-09 2.472260e-11 8.940170e-10 4.483573e-08 0.000000e+00 0.000000e+00 
8.758115e+02 1.967422e-09 1.798279e-08 1.173240e-09 9.725864e-07 1.109088e-04 0.000000e+00 1.314762e-09 0.000000e+00 2.312891e-06 6.873297e-10 4.154243e-10 0.000000e+00 0.000000e+00 3.388428e-10 1.335452e-10 3.283809e-10 8.928717e-11 7.686916e-10 0.000000e+00 0.000000e+00 0.000000e+00 0.000000e+00 0.000000e+00 2.758114e-08 2.093047e-10 0.000000e+00 0.000000e+00 1.936206e-09 1.351010e-11 4.618390e-10 2.537075e-08 0.000000e+00 0.000000e+00 
1.094764e+03 9.290381e-10 6.320282e-09 5.497549e-10 4.873704e-07 6.070892e-05 0.000000e+00 6.903633e-10 0.000000e+00 1.299829e-06 3.514951e-10 2.121481e-10 0.000000e+00 0.000000e+00 1.734198e-10 6.815560e-11 1.681107e-10 4.569527e-11 3.945836e-10 0.000000e+00 0.000000e+00 0.000000e+00 0.000000e+00 0.000000e+00 1.554917e-08 1.075012e-10 0.000000e+00 0.000000e+00 1.080666e-09 7.278763e-12 2.382409e-10 1.434525e-08 0.000000e+00 0.000000e+00 
1.368456e+03 4.361726e-10 2.093969e-09 2.560777e-10 2.440658e-07 3.322475e-05 0.000000e+00 3.630981e-10 0.000000e+00 7.303380e-07 1.796909e-10 1.083176e-10 0.000000e+00 0.000000e+00 8.872309e-11 3.477973e-11 8.602703e-11 2.337610e-11 2.024062e-10 0.000000e+00 0.000000e+00 0.000000e+00 0.000000e+00 0.000000e+00 8.762306e-09 5.517323e-11 0.000000e+00 0.000000e+00 6.033963e-10 3.875063e-12 1.227762e-10 8.106799e-09 0.000000e+00 0.000000e+00 
1.710569e+03 2.033674e-10 6.455467e-10 1.184368e-10 1.222120e-07 1.818022e-05 0.000000e+00 1.912497e-10 0.000000e+00 4.102209e-07 9.178836e-11 5.526634e-11 0.000000e+00 0.000000e+00 4.535150e-11 1.773640e-11 4.398352e-11 1.194796e-11 1.037141e-10 0.000000e+00 0.000000e+00 0.000000e+00 0.000000e+00 0.000000e+00 4.934834e-09 2.828419e-11 0.000000e+00 0.000000e+00 3.369558e-10 2.041747e-12 6.317878e-11 4.577520e-09 0.000000e+00 0.000000e+00 
2.138212e+03 9.403783e-11 1.822129e-10 5.430911e-11 6.119415e-08 9.946647e-06 0.000000e+00 1.008976e-10 0.000000e+00 2.303494e-07 4.685474e-11 2.818176e-11 0.000000e+00 0.000000e+00 2.316420e-11 9.039913e-12 2.247045e-11 6.102222e-12 5.309307e-11 0.000000e+00 0.000000e+00 0.000000e+00 0.000000e+00 0.000000e+00 2.777774e-09 1.448504e-11 0.000000e+00 0.000000e+00 1.881942e-10 1.066840e-12 3.246801e-11 2.582763e-09 0.000000e+00 0.000000e+00 
2.672765e+03 4.304969e-11 4.614812e-11 2.464417e-11 3.064289e-08 5.441306e-06 0.000000e+00 5.332527e-11 0.000000e+00 1.293130e-07 2.390360e-11 1.436333e-11 0.000000e+00 0.000000e+00 1.182384e-11 4.605281e-12 1.147207e-11 3.114559e-12 2.715627e-11 0.000000e+00 0.000000e+00 0.000000e+00 0.000000e+00 0.000000e+00 1.562841e-09 7.411502e-12 0.000000e+00 0.000000e+00 1.051232e-10 5.537815e-13 1.666581e-11 1.456279e-09 0.000000e+00 0.000000e+00 
3.340956e+03 1.946966e-11 1.022603e-11 1.104091e-11 1.534620e-08 2.976373e-06 0.000000e+00 2.823665e-11 0.000000e+00 7.257641e-08 1.218836e-11 7.317283e-12 0.000000e+00 0.000000e+00 6.031818e-12 2.345141e-12 5.853449e-12 1.588753e-12 1.387950e-11 0.000000e+00 0.000000e+00 0.000000e+00 0.000000e+00 0.000000e+00 8.789117e-10 3.789187e-12 0.000000e+00 0.000000e+00 5.872944e-11 2.859950e-13 8.545437e-12 8.206085e-10 0.000000e+00 0.000000e+00 
4.176195e+03 8.676952e-12 1.921077e-12 4.870272e-12 7.686707e-09 1.627939e-06 0.000000e+00 1.498199e-11 0.000000e+00 4.072514e-08 6.212025e-12 3.726402e-12 0.000000e+00 0.000000e+00 3.075522e-12 1.193815e-12 2.985092e-12 8.100525e-13 7.089144e-12 0.000000e+00 0.000000e+00 0.000000e+00 0.000000e+00 0.000000e+00 4.940951e-10 1.935911e-12 0.000000e+00 0.000000e+00 3.281568e-11 1.471253e-13 4.377565e-12 4.621545e-10 0.000000e+00 0.000000e+00 
5.220244e+03 3.799428e-12 2.940850e-13 2.108559e-12 3.850810e-09 8.903347e-07 0.000000e+00 7.965994e-12 0.000000e+00 2.284851e-08 3.164942e-12 1.897280e-12 0.000000e+00 0.000000e+00 1.567498e-12 6.075863e-13 1.521676e-12 4.129229e-13 3.618939e-12 0.000000e+00 0.000000e+00 0.000000e+00 0.000000e+00 0.000000e+00 2.776721e-10 9.884995e-13 0.000000e+00 0.000000e+00 1.833916e-11 7.547132e-14 2.240685e-12 2.601510e-10 0.000000e+00 0.000000e+00 
6.525304e+03 1.629074e-12 3.490020e-14 8.927806e-13 1.929435e-09 4.868965e-07 0.000000e+00 4.244810e-12 0.000000e+00 1.281731e-08 1.612300e-12 9.661441e-13 0.000000e+00 0.000000e+00 7.986521e-13 3.092780e-13 7.755453e-13 2.104767e-13 1.847172e-12 0.000000e+00 0.000000e+00 0.000000e+00 0.000000e+00 0.000000e+00 1.560026e-10 5.046407e-13 0.000000e+00 0.000000e+00 1.025076e-11 3.864151e-14 1.146406e-12 1.463788e-10 0.000000e+00 0.000000e+00 
8.156631e+03 6.813150e-13 3.014664e-15 3.681985e-13 9.668656e-10 2.662548e-07 0.000000e+00 2.266995e-12 0.000000e+00 7.189418e-09 8.213809e-13 4.918767e-13 0.000000e+00 0.000000e+00 4.069439e-13 1.574087e-13 3.952624e-13 1.072489e-13 9.425102e-13 0.000000e+00 0.000000e+00 0.000000e+00 0.000000e+00 0.000000e+00 8.762516e-11 2.575399e-13 0.000000e+00 0.000000e+00 5.730808e-12 1.975126e-14 5.862422e-13 8.233223e-11 0.000000e+00 0.000000e+00 
1.019579e+04 2.766980e-13 1.750099e-16 1.472513e-13 4.845548e-10 1.455935e-07 0.000000e+00 1.213489e-12 0.000000e+00 4.032377e-09 4.183375e-13 2.503542e-13 0.000000e+00 0.000000e+00 2.073211e-13 8.009618e-14 2.013867e-13 5.462862e-14 4.806970e-13 0.000000e+00 0.000000e+00 0.000000e+00 0.000000e+00 0.000000e+00 4.920865e-11 1.313731e-13 0.000000e+00 0.000000e+00 3.204523e-12 1.008218e-14 2.996006e-13 4.629389e-11 0.000000e+00 0.000000e+00 
1.274474e+04 1.085643e-13 6.172423e-18 5.682674e-14 2.428678e-10 7.961230e-08 0.000000e+00 6.510700e-13 0.000000e+00 2.261573e-09 2.129972e-13 1.273933e-13 0.000000e+00 0.000000e+00 1.055910e-13 4.074717e-14 1.025718e-13 2.781760e-14 2.450607e-13 0.000000e+00 0.000000e+00 0.000000e+00 0.000000e+00 0.000000e+00 2.763033e-11 6.698514e-14 0.000000e+00 0.000000e+00 1.792265e-12 5.141310e-15 1.530199e-13 2.602318e-11 0.000000e+00 0.000000e+00 
1.593092e+04 4.090434e-14 1.164327e-19 2.105033e-14 1.217400e-10 4.353324e-08 0.000000e+00 3.501328e-13 0.000000e+00 1.268389e-09 1.084217e-13 6.481380e-14 0.000000e+00 0.000000e+00 5.376346e-14 2.072617e-14 5.222861e-14 1.416208e-14 1.248905e-13 0.000000e+00 0.000000e+00 0.000000e+00 0.000000e+00 0.000000e+00 1.551235e-11 3.414258e-14 0.000000e+00 0.000000e+00 1.002616e-12 2.619850e-15 7.811508e-14 1.462511e-11 0.000000e+00 0.000000e+00 
1.991365e+04 1.468970e-14 1.000924e-21 7.441681e-15 6.097602e-11 2.380522e-08 0.000000e+00 1.887349e-13 0.000000e+00 7.113704e-10 5.518070e-14 3.297297e-14 0.000000e+00 0.000000e+00 2.736874e-14 1.054178e-14 2.658929e-14 7.209259e-15 6.363268e-14 0.000000e+00 0.000000e+00 0.000000e+00 0.000000e+00 0.000000e+00 8.708196e-12 1.739810e-14 0.000000e+00 0.000000e+00 5.609985e-13 1.334344e-15 3.986109e-14 8.217811e-12 0.000000e+00 0.000000e+00 
2.489206e+04 4.977651e-15 3.210521e-24 2.494458e-15 3.049021e-11 1.301792e-08 0.000000e+00 1.019761e-13 0.000000e+00 3.989765e-10 2.808237e-14 1.677513e-14 0.000000e+00 0.000000e+00 1.393052e-14 5.362029e-15 1.353535e-14 3.669929e-15 3.241748e-14 0.000000e+00 0.000000e+00 0.000000e+00 0.000000e+00 0.000000e+00 4.888203e-12 8.864364e-15 0.000000e+00 0.000000e+00 3.139668e-13 6.794264e-16 2.033515e-14 4.616852e-12 0.000000e+00 0.000000e+00 
3.111508e+04 1.566640e-15 2.995295e-27 7.865675e-16 1.519866e-11 7.119272e-09 0.000000e+00 5.522531e-14 0.000000e+00 2.237758e-10 1.429228e-14 8.535560e-15 0.000000e+00 0.000000e+00 7.090438e-15 2.727755e-15 6.890370e-15 1.868399e-15 1.651478e-14 0.000000e+00 0.000000e+00 0.000000e+00 0.000000e+00 0.000000e+00 2.743783e-12 4.516281e-15 0.000000e+00 0.000000e+00 1.757520e-13 3.459207e-16 1.037244e-14 2.593470e-12 0.000000e+00 0.000000e+00 
3.889385e+04 4.450219e-16 5.957502e-31 2.307712e-16 7.532442e-12 3.893675e-09 0.000000e+00 2.997329e-14 0.000000e+00 1.255168e-10 7.274987e-15 4.344027e-15 0.000000e+00 0.000000e+00 3.609255e-15 1.387965e-15 3.508073e-15 9.513979e-16 8.414018e-15 0.000000e+00 0.000000e+00 0.000000e+00 0.000000e+00 0.000000e+00 1.540072e-12 2.301149e-15 0.000000e+00 0.000000e+00 9.840433e-14 1.761294e-16 5.290509e-15 1.456719e-12 0.000000e+00 0.000000e+00 
4.861731e+04 1.033600e-16 1.844247e-35 6.151608e-17 3.692824e-12 2.129699e-09 0.000000e+00 1.630273e-14 0.000000e+00 7.040759e-11 3.703904e-15 2.211440e-15 0.000000e+00 0.000000e+00 1.837547e-15 7.064436e-16 1.786412e-15 4.845761e-16 4.287506e-15 0.000000e+00 0.000000e+00 0.000000e+00 0.000000e+00 0.000000e+00 8.644349e-13 1.172664e-15 0.000000e+00 0.000000e+00 5.510911e-14 8.969227e-17 2.698582e-15 8.181666e-13 0.000000e+00 0.000000e+00 
6.077163e+04 1.294610e-17 5.314503e-41 1.287085e-17 1.773179e-12 1.164970e-09 0.000000e+00 8.885812e-15 0.000000e+00 3.949678e-11 1.886259e-15 1.126136e-15 0.000000e+00 0.000000e+00 9.357474e-16 3.596772e-16 9.099119e-16 2.468781e-16 2.185210e-15 0.000000e+00 0.000000e+00 0.000000e+00 0.000000e+00 0.000000e+00 4.852027e-13 5.977032e-16 0.000000e+00 0.000000e+00 3.086874e-14 4.568488e-17 1.376630e-15 4.594968e-13 0.000000e+00 0.000000e+00 
7.596454e+04 1.070216e-18 7.342592e-48 1.521921e-18 8.165979e-13 6.373158e-10 0.000000e+00 4.853104e-15 0.000000e+00 2.215839e-11 9.609011e-16 5.736757e-16 0.000000e+00 0.000000e+00 4.766522e-16 1.831931e-16 4.636019e-16 1.258218e-16 1.114030e-15 0.000000e+00 0.000000e+00 0.000000e+00 0.000000e+00 0.000000e+00 2.723484e-13 3.047250e-16 0.000000e+00 0.000000e+00 1.729445e-14 2.327669e-17 7.023823e-16 2.580540e-13 0.000000e+00 0.000000e+00 
9.495568e+04 1.425558e-19 1.339675e-55 8.783270e-20 3.428558e-13 3.486929e-10 0.000000e+00 2.655836e-15 0.000000e+00 1.243243e-11 4.896941e-16 2.923777e-16 0.000000e+00 0.000000e+00 2.428810e-16 9.334829e-17 2.362941e-16 6.415507e-17 5.681427e-16 0.000000e+00 0.000000e+00 0.000000e+00 0.000000e+00 0.000000e+00 1.528788e-13 1.554109e-16 0.000000e+00 0.000000e+00 9.691469e-15 1.186454e-17 3.584647e-16 1.449234e-13 0.000000e+00 0.000000e+00 
1.186946e+05 8.277569e-21 3.577941e-63 4.759241e-21 1.109652e-13 1.907961e-10 0.000000e+00 1.456157e-15 0.000000e+00 6.976280e-12 2.496817e-16 1.491213e-16 0.000000e+00 0.000000e+00 1.238145e-16 4.759755e-17 1.204950e-16 3.274103e-17 2.898994e-16 0.000000e+00 0.000000e+00 0.000000e+00 0.000000e+00 0.000000e+00 8.582255e-14 7.930047e-17 0.000000e+00 0.000000e+00 5.432155e-15 6.051755e-18 1.830231e-16 8.139151e-14 0.000000e+00 0.000000e+00 
